19 48 44 41 34 42 17 43 31 3 25 22 41 28 13 42 34 21 22 35 28 7 2 30 47 25 21 13 34 40 6 42 37 10 8 5 26 43 9 11 28 49 13 27 9 46 5 13 44 18 44 40 30 47 8 46 4 6 15 8 17 37 28 39 22 24 21 40 20 42 23 28 26 28 38 14 5 19 21 17 25 23 11 46 7 19 41 25 43 36 19 21 19 6 45 44 49 11 16 28 19 44 48 41 40 35 29 43 37 18 32 33 38 9 15 12 15 6 25 13 19 40 29 23 44 49 22 35
36 28 32 27 24 45 14 38 2 12 27 24 44 6 5 48 45 10 15 40 35 29 15 30 21 37 5 47 6 29 19 3 24 47 44 10 12 27 44 25 8 24 19 15 9 29 45 8 49 18 41 20 37 31 41 38 19 24 5 11 12 27 30 22 29 32 27 18 8 21 29 39 17 25 48 34 11 46 18 30 29 43 33 31 11 12 35 8 32 24 15 33 29 20 9 47 11 31 34 32 48 34 7 47 30 20 43 4 7 46 37 16 20 19 16 48 40 15 41 5 9 12 27 31 19 21 14 16
6 10 41 5 21 17 48 15 23 42 9 12 47 24 45 17 41 35 39 29 45 5 48 9 17 12 7 13 40 6 8 11 2 49 31 42 9 40 2 49 7 29 27 13 45 8 38 49 49 42 35 28 30 8 35 42 18 39 37 32 10 31 24 21 33 17 40 45 19 17 26 32 9 43 19 44 42 43 45 6 44 2 4 5 44 6 47 46 12 7 3 39 47 23 18 29 43 4 38 8 19 13 2 5 6 38 36 23 8 27 46 20 6 46 42 43 45 8 20 7 49 38 14 35 16 43 33 19
11 48 40 3 36 43 29 17 9 36 14 16 41 29 13 26 5 26 40 23 3 18 19 26 8 27 27 22 37 15 4 23 40 30 31 37 33 19 39 31 5 43 46 25 41 5 36 25 32 17 10 38 10 9 23 32 39 35 44 26 17 11 15 37 6 48 13 39 39 13 35 19 39 23 20 5 42 40 36 19 6 43 48 12 31 2 26 15 23 28 14 4 11 38 25 19 7 16 8 27 23 28 46 21 6 44 21 38 21 32 19 46 28 41 14 17 17 7 5 33 30 7 41 3 36 39 11 10
2 42 29 29 4 43 28 46 23 29 26 2 5 5 16 23 41 12 20 45 13 14 31 30 15 38 39 30 36 38 41 45 23 40 3 49 5 27 36 17 8 48 30 32 6 13 16 5 32 36 38 2 17 9 48 19 28 40 26 25 45 28 37 28 28 39 47 18 43 40 26 33 41 22 39 12 25 16 31 28 19 18 29 5 39 46 19 11 33 12 10 37 38 42 37 11 40 33 3 22 20 25 47 41 12 35 19 49 6 24 32 16 47 13 4 33 32 22 40 49 9 13 19 29 19 25 16 36
38 32 8 32 36 39 36 43 18 47 48 47 4 34 42 46 12 38 43 49 42 14 35 7 22 10 34 40 27 11 25 12 12 33 22 29 37 15 21 41 30 23 43 32 22 38 33 37 21 33 47 23 33 29 37 12 21 17 34 28 17 36 29 7 25 25 26 6 2 6 12 30 33 10 19 15 35 38 12 34 43 6 28 17 2 20 27 23 40 31 14 45 24 29 16 33 17 42 33 4 36 25 33 26 31 3 47 41 18 31 18 38 49 12 29 16 11 29 7 3 33 33 4 3 28 23 12 20
34 19 30 39 9 33 9 36 33 31 46 28 27 24 32 34 28 24 12 21 15 8 33 34 14 44 46 17 13 13 16 7 19 13 25 36 10 36 47 31 3 47 8 30 22 28 47 13 36 14 17 25 35 19 35 19 2 36 46 31 32 22 28 14 19 26 9 6 5 44 46 15 23 3 24 47 41 5 7 2 21 17 28 3 20 36 5 25 40 29 42 47 38 14 23 7 36 45 18 38 22 35 33 42 34 12 23 22 22 38 13 48 48 9 5 13 24 14 49 48 23 29 5 11 3 5 45 49
24 3 25 48 29 3 5 26 15 35 13 20 19 7 39 18 28 18 10 17 12 17 11 44 3 4 40 31 6 16 8 16 25 16 20 9 24 4 26 18 10 9 18 5 26 21 39 8 6 29 26 17 22 23 9 26 44 46 20 32 21 8 36 34 11 49 42 13 14 38 40 18 25 3 44 7 46 36 42 18 11 25 47 38 28 18 7 21 36 7 15 11 27 45 8 37 9 7 43 30 12 27 31 15 31 43 35 26 25 37 23 24 17 5 8 31 44 44 44 20 7 39 48 46 6 32 46 19
23 14 37 8 21 44 46 26 6 11 14 36 25 49 7 4 8 20 49 6 18 46 25 12 42 30 43 43 38 48 49 18 13 6 23 22 38 42 30 26 8 6 48 20 21 37 40 42 8 11 16 41 18 35 33 2 37 20 24 15 48 7 40 39 33 15 15 20 26 13 15 12 38 21 31 42 2 18 22 25 45 38 15 47 11 11 4 34 3 20 45 44 12 25 22 13 20 49 40 9 24 6 26 24 45 26 32 18 30 2 29 42 8 40 34 46 21 11 11 2 33 12 13 18 45 3 48 34
17 31 27 27 6 5 44 15 39 37 16 48 21 21 28 46 21 27 41 33 18 12 38 22 39 10 16 29 30 17 30 49 13 27 35 31 39 38 24 48 22 23 13 9 30 3 41 45 39 37 10 44 42 47 23 27 31 45 34 15 40 21 31 37 44 42 5 23 8 15 35 32 25 7 34 49 29 28 19 23 47 10 20 42 22 11 16 32 47 41 13 7 2 27 41 30 39 15 11 33 10 30 48 6 41 23 31 2 41 36 28 4 16 19 26 2 46 6 7 2 44 10 29 49 12 21 32 3
43 34 36 18 43 11 48 31 12 12 40 35 4 23 31 34 19 20 24 24 23 3 29 9 38 6 7 43 17 9 10 2 22 32 38 20 30 2 16 2 12 43 10 15 13 39 48 13 32 4 14 3 22 3 27 2 10 43 7 36 43 22 13 42 31 8 13 19 3 26 11 28 45 48 36 48 3 40 26 36 47 10 26 33 13 7 10 40 10 8 17 14 44 42 30 45 22 26 45 4 13 18 25 37 35 49 30 39 44 32 8 47 39 32 3 12 33 21 48 13 47 29 11 40 23 15 25 31
24 30 43 3 40 23 43 44 45 3 27 26 10 36 27 6 29 19 15 11 32 23 17 48 17 36 34 18 40 48 26 35 42 36 22 12 24 41 30 26 48 28 15 38 36 13 30 48 46 17 33 32 47 46 45 27 46 45 22 17 15 9 17 28 25 13 48 42 33 25 32 26 8 8 27 30 18 24 12 25 39 25 42 25 21 7 38 28 14 26 28 19 31 8 18 11 29 27 45 16 45 40 26 47 48 26 12 21 33 17 47 12 45 17 25 22 5 8 46 46 14 44 12 5 20 13 6 22
38 39 43 44 12 30 7 27 10 25 47 11 18 7 27 46 36 9 18 39 31 31 3 35 42 9 33 19 25 32 46 6 20 41 37 32 5 13 2 16 8 24 6 33 10 40 12 17 27 12 13 14 3 18 18 2 49 6 49 25 48 6 29 8 23 8 37 12 34 3 49 36 22 2 39 30 32 24 26 16 46 8 18 45 5 13 48 14 47 8 6 49 28 11 49 5 14 9 26 9 37 21 33 22 34 24 5 47 36 17 42 24 21 3 20 7 16 32 22 28 30 41 38 18 27 45 23 19
13 26 45 21 30 5 31 30 30 11 2 37 22 14 11 24 41 28 21 17 19 26 46 6 24 21 3 39 40 35 10 13 44 36 49 24 45 40 28 24 38 30 28 18 20 37 20 19 43 39 43 37 47 3 35 3 8 26 17 27 29 12 41 40 43 6 20 44 46 3 6 36 41 34 47 8 47 4 37 18 5 7 18 37 21 16 19 20 43 33 9 37 46 32 7 28 26 14 40 2 17 4 10 10 42 46 21 20 32 45 31 35 19 46 38 43 14 42 37 23 19 47 26 28 20 41 7 31
33 7 49 44 6 26 21 23 2 39 43 48 21 23 19 12 22 20 33 35 23 17 31 9 43 3 33 2 16 10 13 22 37 37 38 2 4 31 23 10 8 22 8 48 38 28 10 40 31 25 8 31 31 6 8 2 28 36 49 29 43 11 37 44 23 5 46 10 24 6 42 46 32 2 30 21 29 38 31 26 20 47 38 5 19 10 41 14 37 30 8 5 20 28 19 43 47 24 7 49 27 41 45 6 10 45 7 13 11 36 26 17 12 5 40 25 13 36 31 32 29 23 6 22 42 11 10 21
13 48 16 35 31 8 12 3 6 33 27 37 44 43 15 33 14 28 13 13 33 49 22 23 13 15 42 35 45 46 35 7 4 28 18 6 31 7 9 47 36 11 34 22 31 3 2 48 12 9 6 10 48 33 2 19 49 28 44 33 48 49 45 26 35 27 4 7 28 37 29 49 43 15 17 9 15 36 47 2 47 9 11 19 10 42 14 24 9 30 34 23 4 35 37 20 34 41 7 39 9 36 13 2 43 45 7 33 39 13 30 48 24 4 19 12 27 24 5 23 49 13 46 22 29 45 19 23
23 47 28 29 8 18 5 18 29 36 43 17 49 3 21 5 14 4 18 35 12 25 6 18 48 29 2 11 24 42 12 19 18 34 8 31 8 31 47 8 30 29 43 37 29 30 33 27 10 47 35 5 33 24 37 28 37 17 18 45 36 2 25 8 13 15 10 9 25 24 8 48 34 10 15 34 19 49 13 29 46 31 43 37 40 47 43 20 15 22 39 18 19 2 18 49 29 44 35 33 6 19 15 8 38 4 18 24 39 36 2 49 27 19 33 17 38 23 28 7 43 6 8 3 18 33 34 7
44 12 8 10 46 10 25 22 48 2 9 47 21 7 39 17 27 3 3 3 28 2 12 35 8 42 48 25 19 21 20 4 7 31 39 22 42 11 12 38 11 11 3 14 17 12 43 9 15 21 32 34 46 48 35 23 31 42 45 34 44 19 15 39 23 38 7 14 39 25 39 43 28 31 25 23 30 2 36 5 44 5 46 15 21 11 35 33 6 40 24 26 12 34 6 29 33 5 28 27 24 28 24 41 44 44 18 35 4 16 20 47 49 24 28 6 22 32 3 2 40 10 29 10 29 9 39 12
13 20 17 27 23 41 41 47 5 46 26 34 23 14 42 13 9 14 4 5 6 23 43 18 42 21 43 42 35 36 21 33 13 30 49 25 36 38 3 9 40 44 5 10 43 6 38 29 41 22 38 16 20 32 20 11 8 4 33 19 42 18 19 29 44 18 30 40 8 12 40 21 12 27 44 18 8 39 41 41 46 48 16 36 14 5 37 23 37 15 48 14 31 4 24 35 19 42 34 10 28 23 18 27 18 33 14 39 34 40 23 35 38 2 24 36 13 30 30 14 22 38 44 35 35 12 6 21
14 39 27 24 39 10 48 31 18 9 19 13 35 48 19 9 13 42 19 2 15 21 4 30 15 48 44 30 42 42 44 41 41 18 17 14 30 20 40 36 33 17 2 20 35 21 11 3 45 24 18 27 16 34 31 18 6 44 15 11 26 33 20 28 6 9 42 8 22 17 20 46 40 31 26 49 28 25 13 23 25 18 25 29 8 30 9 27 7 44 38 41 3 7 34 38 5 25 21 7 25 44 8 27 28 40 24 42 46 34 46 22 34 7 30 47 31 40 28 28 28 39 27 4 15 35 18 4
44 15 28 8 12 33 42 33 4 25 14 26 36 47 16 6 8 28 41 42 32 45 4 48 31 21 11 5 16 39 5 37 4 32 23 37 39 2 41 19 5 45 29 18 18 32 31 30 15 33 27 4 4 23 19 13 36 25 20 48 7 34 8 31 37 22 23 44 3 5 14 19 8 43 37 8 43 7 3 14 36 39 13 18 7 6 8 43 39 7 32 16 11 37 28 3 6 6 2 37 4 34 35 48 36 33 22 29 33 18 12 19 37 12 29 46 16 5 36 10 43 41 13 14 21 3 42 2
38 10 29 15 9 17 9 46 39 16 14 21 19 9 44 33 15 34 29 30 9 43 44 29 3 38 21 10 49 49 43 3 14 45 14 8 18 29 6 17 9 8 39 33 3 45 27 47 29 40 37 38 36 36 21 15 20 12 25 26 42 16 25 4 30 42 42 13 13 13 5 8 49 37 15 24 49 15 47 37 38 41 42 49 2 42 16 49 18 3 16 11 27 44 8 40 4 11 29 35 34 15 23 8 45 20 24 7 22 5 6 45 35 33 24 23 16 2 27 34 49 18 14 30 14 39 29 38
40 25 27 36 15 42 31 48 43 14 20 36 16 18 49 7 23 23 29 30 49 16 19 36 42 13 22 7 42 38 28 43 21 30 35 27 2 43 14 11 21 48 20 48 49 8 45 11 14 47 14 21 4 44 48 39 49 3 7 14 13 38 32 9 4 15 45 22 27 12 40 41 33 2 30 20 21 36 25 40 39 24 11 13 20 25 11 33 33 14 46 24 5 34 6 6 23 46 9 11 4 9 33 7 24 3 34 22 42 44 40 17 20 34 34 36 6 2 15 15 16 45 46 11 4 26 31 9
23 28 18 32 38 10 38 9 46 40 19 43 29 37 14 2 5 28 18 15 19 46 46 32 47 6 47 31 30 29 2 11 15 8 38 8 3 43 24 21 21 20 29 8 27 6 26 44 9 7 20 37 35 12 26 38 31 15 44 19 43 41 9 20 11 25 42 39 20 9 38 18 40 17 18 11 11 47 41 40 7 3 4 34 23 44 3 19 2 36 28 14 12 14 39 2 24 18 8 9 26 15 21 42 21 35 40 29 17 45 35 40 22 16 16 16 38 31 12 23 46 4 21 26 21 46 17 44
10 10 13 47 12 13 6 44 15 19 37 29 44 27 11 23 25 15 21 19 14 49 33 29 20 30 32 32 48 18 5 21 9 31 16 45 14 13 30 41 23 44 26 40 7 8 21 40 12 27 11 22 26 22 44 16 27 35 22 19 49 23 46 30 24 38 36 47 12 43 23 38 16 37 31 24 10 13 2 17 39 45 22 8 32 10 29 39 36 31 5 39 44 26 26 31 9 23 14 6 35 25 46 42 20 21 36 12 29 38 9 3 34 31 29 17 45 6 31 10 47 26 14 10 18 28 40 28
13 10 11 5 13 12 40 3 27 13 46 40 37 43 42 42 26 14 35 18 26 18 22 17 39 12 24 20 12 26 2 30 25 26 33 29 19 21 4 42 22 46 14 3 34 31 34 5 10 45 43 32 37 40 41 47 8 39 34 39 46 47 9 7 24 23 45 6 27 38 18 20 14 6 30 22 36 40 45 17 31 6 18 44 26 20 46 14 6 40 3 4 12 38 42 47 5 4 42 31 9 3 45 47 15 20 37 28 39 41 12 21 35 36 14 25 12 8 5 30 5 49 19 2 18 40 10 49
24 45 45 35 13 42 22 20 8 28 44 37 23 22 42 31 36 24 17 2 16 32 30 40 41 3 27 47 11 42 19 20 16 12 26 43 15 12 33 29 34 29 2 48 2 27 7 15 8 5 9 35 11 29 19 28 6 31 16 42 4 17 22 25 46 3 8 39 10 43 10 41 23 18 16 5 42 8 15 6 45 3 22 45 37 36 20 7 20 44 11 24 48 40 22 49 46 49 13 13 36 46 7 2 28 38 20 14 14 2 30 4 35 3 39 39 25 26 24 4 44 6 11 13 12 37 5 21
31 33 14 23 34 7 48 28 41 7 49 33 27 31 13 34 33 33 14 24 32 8 15 48 22 25 18 22 30 2 7 31 5 22 31 2 25 11 6 22 33 48 16 31 49 35 17 25 13 29 19 12 11 17 26 36 17 35 34 43 4 49 29 6 17 4 12 23 33 47 4 25 25 4 26 21 6 22 32 47 2 16 39 3 10 15 48 30 35 13 21 34 14 21 10 42 31 26 15 3 40 23 18 23 14 36 22 32 43 39 39 32 44 48 20 36 46 38 46 49 49 9 49 24 47 14 3 48
25 21 24 47 40 22 31 34 19 10 37 20 45 14 27 20 34 32 16 21 21 47 2 39 6 4 2 21 26 26 42 49 6 20 7 8 17 14 24 38 46 22 44 3 30 15 43 7 29 30 45 47 31 34 6 47 40 22 6 36 28 44 14 47 5 22 43 35 8 9 46 3 8 43 10 48 23 22 13 33 28 14 5 19 22 43 18 3 8 35 11 40 23 45 33 44 45 20 28 10 36 28 9 30 11 42 30 18 35 21 39 32 26 37 13 10 6 23 18 34 17 33 37 11 4 3 18 28
48 44 11 48 40 42 19 28 18 26 40 44 6 15 27 48 40 25 9 13 15 46 10 45 24 26 34 45 47 28 42 49 44 29 2 39 25 18 15 41 12 13 45 35 28 2 42 15 4 7 28 37 36 5 45 39 25 41 21 28 19 20 45 39 3 12 21 14 7 9 24 8 49 46 48 4 32 18 46 13 18 8 28 24 40 41 13 23 26 34 7 8 35 3 34 16 31 46 20 16 6 47 27 49 8 29 30 49 9 17 30 45 28 9 32 45 42 24 10 19 34 9 45 28 40 27 20 19
27 6 48 32 5 9 41 22 39 47 9 44 47 45 25 17 25 25 12 35 3 43 39 25 30 26 10 12 47 31 9 21 2 33 3 15 14 26 14 38 13 29 25 16 43 34 17 33 28 23 35 44 2 34 34 15 43 38 29 17 29 35 28 6 12 48 47 9 2 9 7 11 38 21 27 16 23 31 10 13 6 8 18 30 23 14 6 40 45 34 22 3 29 28 49 10 48 19 3 44 8 30 46 16 49 23 10 27 3 7 35 14 34 28 20 44 24 36 15 45 14 26 48 9 30 48 12 30
41 43 47 42 14 14 27 42 48 33 46 20 20 31 48 9 5 45 10 20 48 38 27 48 49 17 43 22 32 26 4 25 31 6 40 33 33 19 8 5 23 40 15 20 44 16 34 32 34 22 26 15 42 49 30 47 18 16 30 12 4 2 4 20 43 16 14 37 8 5 18 12 44 47 42 7 40 46 7 5 26 3 19 3 11 12 22 21 30 28 13 3 40 11 6 7 36 14 6 34 35 40 15 32 7 27 30 46 39 24 3 42 3 42 23 45 3 14 18 17 47 28 42 43 32 34 6 39
3 40 13 41 38 21 10 21 44 28 33 26 33 33 42 47 44 37 42 32 22 32 11 18 19 10 13 38 37 11 5 6 40 4 10 26 4 16 43 40 16 34 28 14 21 37 19 42 36 25 4 22 26 3 17 19 33 36 2 3 11 43 8 45 44 11 41 29 19 13 25 8 20 29 49 40 23 36 19 22 34 13 46 38 31 24 25 37 20 4 40 42 42 39 12 9 40 32 16 43 40 7 33 25 13 13 48 10 4 33 14 16 40 41 42 24 44 33 40 29 3 44 45 17 40 32 21 31
45 6 44 39 3 24 34 5 12 44 9 9 18 22 28 17 45 11 39 9 27 17 45 24 41 17 17 37 7 5 18 30 24 16 6 27 3 34 37 13 31 10 24 48 16 12 49 7 37 29 27 33 12 29 47 46 32 47 46 6 35 44 24 27 14 21 23 32 14 13 43 4 30 31 8 42 41 39 22 25 45 25 12 35 14 23 48 47 44 45 46 25 12 13 12 21 15 42 16 19 13 18 32 39 41 16 29 22 9 46 29 3 9 48 11 13 28 31 38 16 17 20 32 2 9 35 42 22
40 15 37 31 19 16 45 13 36 17 32 27 49 13 49 7 45 28 29 9 25 5 9 43 29 32 19 24 20 10 12 33 39 43 44 3 32 36 9 13 20 11 32 33 2 41 26 46 15 29 44 19 4 17 13 43 3 29 10 49 2 7 47 27 16 37 33 34 43 41 18 40 9 2 8 13 16 17 10 41 41 22 25 32 33 45 15 7 3 29 13 6 7 34 24 36 31 22 44 11 37 10 14 29 49 30 8 25 18 47 47 34 25 25 23 15 7 40 9 34 34 23 29 27 15 34 6 34
45 44 14 49 24 15 4 19 18 46 24 21 33 18 25 40 36 26 23 8 15 9 14 18 20 30 38 43 39 4 26 13 7 30 42 48 32 18 27 35 46 20 29 30 10 22 18 22 37 47 6 41 32 17 32 37 26 44 37 14 37 5 49 28 40 41 22 32 11 36 49 46 10 25 40 31 44 7 19 9 29 7 33 27 14 38 48 22 16 16 19 2 18 48 10 18 32 26 47 22 34 28 26 38 43 14 24 47 45 8 45 29 5 49 16 16 31 25 27 4 44 30 14 2 16 31 28 10
37 5 28 41 42 30 41 16 4 9 16 33 32 37 14 46 31 10 34 15 48 44 14 21 22 27 9 45 35 46 18 26 3 39 49 6 42 41 28 7 48 26 48 42 19 45 6 25 2 19 27 36 14 2 41 19 41 22 9 19 9 33 7 17 22 8 43 21 48 6 34 26 19 17 7 24 21 33 6 41 30 35 9 10 9 16 42 43 39 7 35 17 28 35 41 38 45 42 26 13 21 3 13 23 32 22 27 9 3 39 20 14 28 35 3 4 4 10 30 2 46 25 34 22 2 24 44 2
43 38 18 20 30 32 6 37 22 13 44 4 19 43 31 47 3 8 20 26 20 45 16 18 11 7 5 34 30 41 28 38 41 22 2 29 4 47 9 40 31 14 16 41 18 38 16 33 19 27 14 30 16 18 20 22 25 47 5 11 8 19 10 2 7 27 35 13 10 18 7 47 6 33 49 25 21 14 13 42 49 44 24 47 22 29 29 48 13 39 28 18 41 49 14 7 25 8 38 21 15 9 16 3 37 24 25 39 25 49 4 3 7 7 30 43 6 8 21 49 22 2 20 25 2 41 37 17
31 25 30 23 8 20 2 35 35 45 9 8 45 49 8 47 5 37 7 37 47 24 6 47 35 2 46 11 41 28 28 13 28 48 11 41 3 10 20 36 7 31 6 46 39 26 15 20 12 22 22 6 4 41 20 34 13 24 16 37 26 41 18 41 24 15 49 18 12 3 41 44 28 4 14 15 12 43 46 38 35 42 19 43 49 5 38 3 27 6 19 21 41 19 35 9 33 10 41 10 29 20 20 44 5 49 23 17 14 27 6 7 40 42 5 46 43 26 35 45 45 49 16 3 43 18 6 13
28 37 37 7 10 21 44 23 22 48 26 6 41 7 15 28 41 24 9 46 42 14 26 20 20 41 39 43 23 32 39 12 3 14 28 27 26 40 4 10 40 19 49 5 28 27 21 6 20 4 6 40 30 31 17 42 43 11 38 38 25 6 43 28 10 41 28 17 16 42 49 27 44 29 11 25 4 36 21 26 14 17 36 47 36 25 14 10 23 22 42 17 48 32 37 36 40 35 44 22 35 12 22 33 33 29 13 25 38 35 10 15 6 11 14 35 3 24 42 5 45 5 25 26 11 2 9 38
39 35 32 6 39 19 28 28 34 21 42 8 34 35 38 16 40 49 18 7 37 13 12 27 2 37 49 16 24 9 15 35 15 31 18 49 6 17 41 39 33 45 44 2 16 38 44 33 26 10 26 45 15 40 48 12 19 27 35 36 13 2 22 26 5 17 22 37 31 14 6 27 15 22 23 24 45 11 19 18 8 43 4 49 34 37 48 36 7 21 5 13 20 3 9 49 24 19 18 12 6 33 40 16 14 4 32 22 38 45 44 23 29 46 33 30 7 38 29 20 34 33 5 24 18 29 34 40
38 48 38 43 24 17 40 24 31 10 31 4 13 47 47 6 28 19 24 44 46 6 9 43 17 16 45 23 11 3 36 24 20 15 20 36 49 40 27 22 7 33 38 23 47 24 13 42 13 27 3 25 3 34 38 16 9 2 42 28 46 39 6 32 2 22 6 14 36 2 3 4 37 16 35 40 45 15 36 24 19 49 29 16 29 5 31 39 7 46 15 23 2 39 21 21 10 8 34 33 6 33 31 26 22 38 18 31 13 4 33 32 26 11 18 49 47 21 48 17 34 40 42 33 6 19 21 17
18 11 34 45 36 37 14 42 21 24 49 11 37 15 40 21 49 20 42 18 8 40 12 47 39 42 18 7 49 10 27 21 27 3 43 2 5 6 16 28 49 31 33 17 15 20 4 7 21 27 31 28 23 19 16 32 18 43 35 15 6 38 45 32 25 43 41 46 31 18 26 44 9 34 46 19 9 24 8 6 24 27 33 33 42 19 12 14 40 25 4 16 19 21 39 6 30 15 24 31 30 28 42 7 40 7 35 4 35 5 45 3 7 13 12 5 16 25 23 45 26 33 32 18 9 45 37 33
44 44 31 31 48 33 26 43 7 48 17 11 14 23 22 16 6 38 14 41 47 12 2 34 38 33 33 21 11 48 32 12 17 31 39 15 32 34 42 11 39 28 10 43 25 47 38 48 47 27 6 40 38 49 46 16 42 7 28 9 37 48 8 21 15 20 32 33 13 25 23 38 3 6 3 6 18 40 47 9 3 42 21 39 19 40 33 10 28 38 8 30 10 29 47 16 4 15 30 30 9 33 42 33 34 34 45 6 16 34 25 6 46 39 36 38 11 38 30 12 36 15 6 18 40 28 19 10
3 2 5 23 36 32 41 2 28 5 48 29 14 37 8 23 40 35 16 32 44 8 45 24 35 22 4 47 39 21 18 49 25 13 12 19 39 24 40 29 24 36 2 19 30 31 19 9 7 30 9 48 10 43 39 25 19 42 48 38 41 11 30 6 39 15 37 28 16 33 23 23 2 5 41 20 26 11 13 9 18 13 48 44 36 25 21 6 16 5 3 3 38 6 14 33 20 21 6 10 17 4 48 29 43 16 2 30 11 10 2 47 26 15 9 33 24 14 2 16 42 29 4 47 11 39 20 2
46 3 10 31 36 29 3 17 31 45 49 25 31 31 8 14 12 35 48 38 17 43 45 12 43 2 30 46 28 9 16 3 2 3 34 23 49 6 24 41 9 9 3 15 37 33 35 34 5 3 25 15 20 30 45 48 13 8 2 22 21 9 4 17 49 10 49 11 14 28 34 16 32 19 27 48 19 13 34 5 43 37 20 33 43 23 17 39 7 36 25 10 10 44 14 4 19 28 6 3 40 4 36 12 38 5 10 28 19 45 36 26 34 11 7 5 37 17 9 42 40 22 24 41 3 34 41 10
29 47 33 23 16 5 17 11 18 34 7 19 22 19 19 26 28 13 38 12 42 43 20 38 11 11 7 16 10 19 35 28 45 15 12 44 3 36 18 4 2 44 44 3 22 43 44 17 27 15 2 35 39 5 24 36 34 23 12 44 14 17 29 19 11 32 4 48 6 18 37 36 44 12 18 14 21 42 15 20 42 26 2 40 26 26 47 41 8 30 45 6 15 25 23 8 24 38 32 7 29 28 48 28 29 24 34 23 26 4 25 13 41 40 47 10 14 8 45 45 20 36 31 31 46 48 36 27
49 3 44 23 46 8 14 11 15 32 24 30 24 5 10 48 22 14 15 20 43 47 48 15 37 38 20 2 46 44 5 20 26 31 3 32 8 34 40 31 42 20 37 44 15 4 35 30 32 35 37 40 29 41 10 44 29 11 6 40 29 28 24 5 30 29 46 45 20 49 45 19 29 8 17 38 48 34 36 28 26 16 42 29 45 17 7 21 41 11 17 14 38 5 4 6 3 4 33 20 37 39 11 24 14 30 8 13 18 10 16 46 9 23 44 31 48 5 35 8 22 33 3 49 33 16 16 24
41 26 39 32 21 24 44 21 18 18 44 11 40 12 37 42 8 3 45 28 5 7 26 20 18 30 22 9 34 16 14 4 49 30 11 35 29 2 23 24 6 14 21 5 8 47 11 46 33 24 7 29 31 7 42 17 7 11 24 35 15 39 3 3 12 27 3 7 39 17 7 33 11 34 16 18 13 48 22 41 19 21 8 34 31 33 21 2 23 6 23 40 3 39 7 36 48 22 30 37 13 38 2 10 41 48 13 15 48 10 22 30 27 24 12 45 33 22 38 15 41 9 34 4 22 19 43 42
26 38 36 32 19 7 3 25 22 44 38 41 15 2 5 49 22 6 26 48 48 4 16 15 4 31 44 36 17 2 33 9 32 8 18 46 34 31 19 49 42 38 14 16 25 11 39 36 33 7 25 19 12 7 30 29 15 14 5 8 36 21 19 7 44 40 46 47 10 5 42 12 37 35 48 21 36 41 11 28 26 7 35 34 2 43 11 29 41 2 47 48 6 48 15 17 31 44 22 45 36 40 17 7 3 18 48 5 36 42 19 22 26 3 30 37 15 42 39 42 44 48 7 44 10 42 20 11
4 41 5 24 7 20 28 6 43 47 12 2 5 25 41 12 38 38 44 21 35 47 38 29 30 45 16 29 3 19 11 25 31 10 37 26 10 42 45 48 33 34 35 24 12 25 31 28 31 10 8 31 35 9 5 7 19 29 11 46 37 22 27 24 2 45 19 17 30 41 29 22 48 32 33 6 14 33 45 49 5 38 27 15 39 15 23 13 19 9 36 14 8 12 31 12 21 43 17 25 29 38 19 32 10 11 38 13 48 18 4 48 11 23 28 27 13 27 5 21 41 42 23 30 34 34 25 4
42 7 29 17 19 23 23 25 24 4 25 37 10 35 14 43 41 38 19 47 27 35 11 46 42 45 22 18 22 3 8 32 42 47 2 42 2 38 8 38 10 10 15 29 2 23 18 20 42 20 35 32 17 48 45 15 45 32 48 47 2 11 30 21 9 10 38 43 34 28 18 42 11 5 28 40 32 38 5 15 17 31 45 12 6 40 12 9 47 39 26 12 14 41 11 46 29 8 41 47 39 25 13 31 36 26 28 24 24 43 42 28 36 20 43 41 8 24 26 38 48 9 42 40 28 39 43 8
16 39 36 29 18 44 11 13 34 19 16 41 3 12 19 32 10 38 49 18 2 8 36 30 38 20 5 11 7 14 25 34 7 18 39 26 21 28 44 17 42 45 33 26 4 37 43 6 26 45 44 3 19 26 47 39 5 7 12 17 34 24 19 11 48 8 46 46 40 5 22 24 25 39 28 30 14 37 43 36 22 14 46 41 16 24 4 6 24 11 33 12 36 24 44 17 34 25 2 34 25 34 40 5 46 45 8 22 10 40 23 29 12 46 8 12 33 41 26 45 33 15 19 16 33 38 13 15
28 9 45 36 40 13 43 41 38 19 45 31 30 17 26 15 47 40 19 46 26 21 35 24 33 6 31 48 38 48 2 21 5 45 27 46 46 31 48 23 22 41 40 12 6 41 8 11 48 37 23 9 2 38 47 5 45 37 16 22 40 23 18 29 22 38 26 11 47 48 14 7 28 27 13 7 43 41 8 30 12 39 18 8 7 13 12 30 6 6 29 31 22 31 35 48 24 2 46 47 46 47 36 45 18 29 4 9 42 41 24 46 12 42 17 9 39 18 12 17 30 49 18 11 40 13 36 11
33 31 10 27 46 13 15 35 14 4 30 14 48 26 8 16 13 38 10 45 3 40 46 16 46 24 30 36 33 43 35 5 19 13 26 8 6 25 27 22 47 26 38 6 36 19 7 36 40 7 43 39 22 49 4 35 44 40 21 11 4 44 19 11 37 2 29 41 13 22 5 11 18 25 43 38 21 49 11 31 48 13 32 47 40 24 28 30 49 13 43 7 30 22 47 39 8 3 18 6 41 42 14 24 20 40 25 37 40 38 48 32 35 37 3 11 21 24 19 48 19 24 2 30 23 28 32 19
2 13 31 16 13 27 44 36 42 37 8 16 10 26 27 42 47 30 13 10 27 28 49 25 24 38 28 22 13 37 48 39 18 20 7 2 10 45 47 44 22 12 45 29 37 26 32 21 46 43 40 25 9 26 45 31 3 2 43 24 47 24 40 18 10 33 48 5 29 34 22 38 11 36 7 16 36 18 35 48 21 17 41 31 24 30 43 16 48 47 9 12 37 16 23 8 3 24 23 15 13 5 25 19 13 31 24 2 13 10 19 4 3 18 34 8 48 32 20 16 32 17 6 31 13 39 2 24
46 24 39 17 25 47 35 40 41 30 32 8 43 47 48 36 24 42 25 45 4 45 27 26 19 31 28 14 6 6 43 18 5 6 19 35 9 43 37 16 10 43 23 34 29 9 39 20 36 2 36 37 13 22 16 12 24 13 26 21 9 15 43 5 17 15 44 36 22 14 21 25 39 32 46 26 16 12 37 9 10 45 14 2 12 37 28 40 49 27 12 10 45 8 33 43 38 19 33 24 46 15 6 9 32 15 38 24 49 44 23 43 32 2 13 43 25 37 30 19 29 42 18 9 42 32 37 36
8 24 42 7 40 24 29 5 20 2 31 44 34 30 6 21 20 22 12 10 17 23 10 11 26 36 45 32 37 33 29 30 32 11 21 28 35 21 33 21 44 17 2 27 26 7 33 35 37 12 34 12 3 12 14 20 8 17 26 41 27 18 48 48 35 37 27 43 30 41 47 6 37 4 42 10 21 24 32 7 36 45 34 23 22 45 19 2 17 31 20 31 4 37 4 32 39 30 9 31 26 7 25 28 34 37 32 29 34 35 42 13 42 27 24 18 31 22 9 16 27 34 17 49 34 8 2 6
9 41 13 21 19 34 16 9 16 30 22 35 9 44 15 22 8 25 5 33 4 14 40 32 17 45 30 15 14 32 28 40 23 7 6 49 43 27 29 44 27 42 2 35 28 7 7 37 18 38 34 38 40 49 25 37 12 15 28 6 27 10 26 6 26 2 12 12 26 16 38 19 31 7 33 46 26 48 45 13 23 47 34 33 17 43 21 38 15 16 16 26 38 4 29 12 18 15 27 2 9 11 2 7 38 24 2 49 23 10 47 7 38 16 24 22 49 28 19 36 8 44 6 8 36 37 7 48
24 2 3 32 44 17 22 12 3 45 11 34 23 10 22 3 32 43 31 24 45 35 12 45 23 45 2 17 31 21 26 42 40 11 48 42 5 24 30 37 13 27 16 4 30 13 26 19 45 12 28 24 23 44 23 46 17 43 15 16 15 27 46 5 38 48 34 10 46 14 15 7 31 44 43 49 41 5 30 47 4 5 22 43 16 15 31 38 4 48 11 37 7 32 2 9 34 16 42 8 11 29 44 45 46 36 11 20 40 41 19 44 30 5 42 21 6 9 19 32 5 22 30 42 9 49 30 2
5 13 11 5 23 8 43 44 25 49 38 21 17 17 12 8 3 29 31 23 25 29 40 44 3 44 18 31 36 11 5 14 30 42 6 7 48 7 27 9 40 14 30 32 30 43 12 29 10 21 17 29 37 14 2 45 10 43 18 35 30 4 42 5 17 21 49 44 22 36 30 29 29 7 29 44 46 22 33 44 33 41 47 18 10 18 10 8 8 44 15 29 28 30 26 22 22 12 8 47 36 4 49 12 4 31 14 11 3 36 6 31 45 37 3 45 41 39 32 49 34 17 5 5 20 6 6 45
18 4 24 25 25 46 41 9 18 11 19 43 10 38 17 16 26 33 48 37 41 9 20 38 29 31 43 46 12 39 21 28 42 24 9 28 13 7 27 26 7 37 47 13 5 43 7 15 38 7 36 29 39 33 40 35 32 46 30 24 6 19 2 20 33 30 49 9 38 6 29 30 33 36 37 38 12 48 40 17 26 42 26 25 19 22 48 26 28 32 44 19 19 4 14 14 28 6 29 21 26 22 2 45 30 13 40 42 6 5 46 14 2 6 24 43 22 38 33 24 16 47 24 47 3 30 2 34
45 42 41 28 47 47 19 29 44 16 41 25 31 39 40 22 29 23 36 18 43 42 27 49 46 26 45 16 11 16 32 2 28 32 38 10 4 32 3 23 35 12 46 48 22 37 16 7 5 11 25 31 20 26 29 28 33 28 37 14 34 26 34 12 42 38 16 4 19 5 33 20 10 3 40 31 20 45 11 26 49 30 36 16 33 47 36 4 31 30 49 9 42 14 9 23 27 30 3 40 12 46 3 43 12 19 32 32 19 30 23 9 34 24 39 42 29 49 3 32 48 31 29 11 16 21 23 30
9 4 25 28 40 5 7 5 34 43 40 11 29 17 27 18 46 48 49 23 23 12 43 45 5 22 30 46 26 17 35 9 14 6 20 38 21 48 42 17 41 6 5 20 8 44 35 2 47 20 36 24 32 29 28 20 42 2 43 42 28 25 44 23 43 33 32 25 29 48 18 26 20 20 45 28 25 27 47 11 35 19 22 20 44 45 23 35 34 14 42 26 43 15 48 30 3 43 46 48 28 4 44 34 28 24 7 12 14 16 13 22 24 6 38 11 30 34 9 5 24 24 13 31 21 34 22 9
23 25 19 9 44 44 18 31 27 22 15 35 27 26 11 47 20 10 42 28 14 10 24 3 7 3 26 10 4 12 33 20 12 42 27 38 42 17 47 23 43 23 44 11 42 10 7 16 23 8 12 19 39 9 41 18 34 45 6 11 48 2 9 33 46 6 32 4 15 17 20 25 30 32 7 33 31 46 9 9 3 15 9 13 14 36 40 7 34 34 44 6 8 8 48 22 8 44 45 15 37 16 42 39 36 18 32 40 18 3 34 11 10 28 5 26 16 49 48 20 31 7 36 8 39 18 31 16
7 45 24 42 28 35 38 10 24 8 30 22 24 42 35 13 13 41 16 45 37 43 10 12 19 39 29 25 43 11 17 42 22 19 21 40 18 31 36 28 33 4 44 21 42 47 46 42 35 26 8 19 27 25 21 36 16 18 10 6 46 38 41 15 30 33 32 32 2 7 47 33 4 44 42 18 4 17 34 46 21 39 37 49 10 24 18 14 8 46 24 26 22 33 22 34 41 4 27 13 34 23 4 38 24 26 36 14 37 29 33 23 30 22 26 37 7 16 36 44 11 49 7 25 45 2 17 37
25 13 46 7 45 42 27 11 44 18 2 44 11 6 8 21 37 39 42 30 18 42 31 47 18 8 42 35 22 22 44 11 47 8 18 32 23 5 33 17 29 37 25 23 11 34 34 22 25 37 43 3 41 24 11 3 16 19 16 47 26 20 39 43 17 38 3 30 41 36 36 25 34 12 8 2 41 14 49 15 44 4 17 48 6 6 27 4 34 24 2 25 6 35 27 24 15 29 49 25 33 40 27 32 14 18 27 16 44 33 39 47 49 7 37 5 18 26 7 26 46 4 16 13 39 29 47 17
11 22 42 42 38 19 3 48 30 37 44 31 3 13 8 49 3 35 18 11 33 45 8 29 7 2 40 45 13 40 32 48 9 10 15 46 45 27 9 26 25 23 48 9 20 45 28 35 40 30 31 27 13 2 12 46 27 32 7 11 47 48 46 15 37 5 9 15 30 33 33 46 7 12 49 33 11 42 13 47 14 23 22 15 9 30 26 44 5 31 12 34 17 33 2 49 25 48 17 31 16 19 9 30 14 8 10 20 41 24 21 15 12 32 37 29 13 5 17 43 15 44 48 22 48 48 46 7
39 31 43 17 25 43 28 47 27 18 46 40 20 24 37 11 41 26 21 33 41 20 25 37 30 5 11 23 7 44 38 34 47 11 14 45 11 37 6 33 43 33 4 18 10 13 2 4 46 37 11 14 11 12 23 19 20 13 14 35 46 49 10 12 33 13 43 24 14 6 2 4 19 38 37 22 44 10 24 29 29 13 49 21 41 18 42 45 47 37 15 33 18 46 5 43 40 31 27 49 3 28 31 6 19 9 47 27 12 44 10 47 13 29 44 37 44 28 32 44 44 17 22 26 12 47 22 6
4 22 17 49 43 10 45 20 37 34 48 3 29 13 17 21 5 48 24 37 45 22 12 39 49 4 3 17 35 7 6 41 49 43 20 19 13 8 20 26 47 36 43 5 12 18 27 21 4 38 21 24 7 3 46 32 49 44 6 33 39 32 19 21 36 30 37 12 4 28 36 7 10 13 6 46 43 42 36 46 2 9 16 32 36 46 41 3 32 22 13 26 28 18 11 32 49 49 34 15 13 32 34 20 37 27 20 6 34 23 29 18 13 15 23 29 47 29 49 10 35 38 38 38 18 33 33 49
31 25 26 25 45 43 7 27 6 30 39 33 7 22 16 25 24 39 20 37 40 4 38 13 23 40 13 29 38 34 23 38 16 38 14 20 32 38 18 6 39 42 42 34 12 45 31 48 19 27 30 40 27 22 17 44 44 39 24 18 42 10 22 38 22 43 39 45 40 32 31 30 48 27 43 9 24 20 44 19 31 29 36 42 20 2 24 14 13 45 38 49 21 29 2 43 25 16 30 34 6 16 43 12 6 46 7 14 3 36 48 5 5 39 34 44 43 12 19 12 26 24 12 8 22 48 6 39
8 36 43 29 2 40 10 16 29 2 44 13 46 42 26 35 4 49 40 46 5 8 33 17 25 25 47 24 16 9 34 2 27 25 14 33 38 41 9 35 6 17 45 48 46 13 11 31 35 24 42 10 12 40 4 3 43 22 12 13 29 34 13 25 36 28 29 19 12 7 13 8 26 42 48 2 16 6 17 37 24 40 18 17 44 11 30 6 39 27 39 44 5 8 14 2 20 8 45 49 36 22 32 41 7 41 29 35 43 42 41 30 39 38 24 15 18 47 23 28 14 8 19 19 10 7 25 32
30 47 35 17 22 21 23 48 48 43 38 3 26 16 25 18 12 40 29 15 11 35 22 34 10 8 2 41 5 36 15 21 30 34 8 20 29 14 24 25 18 49 7 3 28 47 37 3 33 22 6 3 49 8 46 41 47 25 21 14 2 37 15 2 8 44 8 26 26 4 4 30 32 8 27 12 39 43 25 45 49 4 31 17 37 33 26 5 3 11 21 9 39 32 25 45 19 13 2 27 2 21 18 46 27 29 45 45 48 44 48 5 13 20 32 41 41 16 19 38 36 33 44 13 38 43 5 18
21 10 41 9 27 42 27 11 9 10 36 5 9 39 23 3 41 10 24 26 10 44 32 42 26 44 23 22 24 48 48 29 23 13 28 5 44 45 46 11 45 38 18 32 17 16 17 35 35 21 9 15 10 37 19 21 43 44 9 44 32 34 12 43 21 20 31 21 40 42 4 14 19 30 20 22 35 23 35 13 14 3 21 9 23 2 4 11 39 40 5 28 4 33 21 17 5 17 46 38 42 19 27 39 34 20 6 16 11 39 38 42 16 35 34 28 5 29 13 46 30 4 33 2 37 14 45 20
10 38 10 21 20 9 14 36 28 33 39 23 22 26 44 7 29 8 9 44 35 19 33 44 6 36 49 47 7 12 43 19 22 15 5 46 19 3 25 9 33 31 5 37 15 26 35 32 28 21 5 36 25 7 28 20 45 39 33 44 30 9 3 20 47 33 44 11 44 25 21 12 5 34 3 21 36 21 22 39 20 34 33 36 16 23 35 6 7 23 43 30 24 19 2 24 24 38 14 13 4 27 14 7 13 14 45 10 24 2 14 23 28 5 34 37 49 25 11 9 39 22 35 2 29 7 4 27
41 12 48 35 43 45 29 15 36 45 19 17 41 21 26 7 39 28 35 12 31 24 10 35 11 20 33 24 27 25 6 7 49 5 46 8 45 39 32 28 19 12 23 25 47 30 21 38 42 29 47 20 12 29 43 13 16 20 48 23 43 43 26 3 19 18 41 9 29 24 19 24 32 48 29 7 4 42 11 19 27 6 9 5 30 12 2 40 31 18 34 34 3 26 10 23 19 19 41 42 34 41 15 14 17 9 22 3 34 42 25 22 39 2 35 5 40 2 47 48 18 37 32 4 10 17 45 30
35 11 38 14 35 13 20 5 19 35 10 19 17 45 40 34 12 12 41 20 41 35 34 49 30 18 28 41 49 12 16 30 30 13 20 15 49 38 7 15 14 4 6 39 3 8 45 36 10 9 23 30 12 20 32 14 5 36 35 21 39 9 7 2 11 18 31 44 4 8 25 16 49 32 35 45 25 45 46 13 6 18 18 36 37 44 38 14 37 24 48 11 35 36 33 5 42 17 33 15 43 32 48 25 40 26 47 31 7 34 44 33 47 40 5 18 44 19 15 20 28 19 18 35 28 35 40 49
27 25 25 26 33 7 15 8 37 47 31 20 18 49 20 33 3 45 45 32 45 28 46 30 16 32 9 28 34 8 43 5 15 35 14 15 46 2 10 33 46 34 9 37 13 38 15 45 46 31 4 37 35 42 17 25 45 31 12 49 6 37 33 21 25 21 35 39 46 42 38 6 45 40 33 9 25 49 29 47 17 42 5 13 36 34 5 14 29 3 2 32 23 35 4 20 37 8 19 33 45 10 28 12 43 48 44 4 5 34 20 28 34 6 25 42 49 11 29 41 30 11 41 40 23 36 49 43
42 12 7 27 26 11 23 41 21 11 24 39 9 27 17 8 20 15 28 29 49 35 16 20 23 26 6 3 43 22 4 36 6 33 28 6 30 21 16 16 29 33 28 36 49 45 39 2 23 3 2 25 42 13 22 35 5 16 44 31 41 6 12 37 7 40 47 17 35 14 14 9 26 37 45 3 4 38 28 42 21 38 36 45 42 47 11 47 8 39 25 5 25 7 3 24 10 30 24 24 18 28 13 27 41 47 34 2 32 42 9 40 8 2 32 24 9 44 48 41 23 37 28 42 22 49 33 14
17 39 20 33 38 49 13 17 42 7 22 17 41 34 29 46 36 2 16 28 21 26 27 30 34 12 16 30 14 40 31 45 5 29 33 30 13 44 40 41 41 16 18 21 13 49 39 34 11 45 46 22 12 15 15 40 39 6 17 12 6 40 47 12 5 24 37 42 25 14 11 23 20 48 48 2 5 40 39 31 12 15 32 6 26 34 2 19 25 17 21 13 39 21 6 4 43 9 8 43 30 42 41 28 34 30 36 8 37 12 47 5 10 10 49 34 20 37 41 24 29 21 40 9 11 49 5 10
41 20 42 10 5 11 39 18 19 9 22 3 22 32 7 31 47 37 4 12 39 43 46 6 49 9 41 2 16 2 38 24 3 41 41 2 32 5 10 36 10 47 4 43 19 44 43 27 35 42 16 33 48 36 43 44 18 6 49 17 23 44 45 31 11 9 40 41 15 42 6 28 10 43 16 47 32 15 39 16 32 48 45 2 42 38 17 21 18 8 22 2 26 22 34 26 45 16 5 8 6 3 13 38 21 17 4 42 19 43 47 45 19 37 2 48 43 17 27 40 21 35 38 40 16 27 7 33
20 9 19 40 23 19 6 6 29 27 22 3 11 28 16 19 44 12 26 38 14 37 3 20 12 48 19 40 23 37 28 39 44 37 19 16 44 6 22 7 35 48 12 36 37 20 27 26 6 19 19 24 17 30 22 24 9 49 40 20 34 9 46 33 20 3 20 37 37 5 41 9 20 46 12 14 25 34 30 22 14 29 10 17 11 49 45 21 8 8 45 10 47 46 43 23 47 32 47 8 3 39 12 48 28 36 5 23 19 38 2 47 31 8 47 32 27 20 29 4 29 49 42 38 43 48 26 35
48 41 21 31 48 12 29 10 12 41 14 10 21 26 14 40 22 40 22 37 42 7 27 6 39 33 40 11 29 29 33 17 14 33 7 32 40 33 41 5 32 19 13 11 36 19 15 7 13 13 43 6 39 24 29 44 25 9 28 28 20 19 46 41 48 42 43 29 29 25 5 2 8 40 28 25 27 22 21 12 48 31 8 7 22 4 33 32 11 26 41 38 25 23 19 21 38 32 36 10 35 33 46 24 40 24 43 10 17 42 4 28 34 40 23 41 8 46 35 44 46 7 46 13 27 7 32 19
37 27 28 41 30 21 7 6 20 45 4 2 25 34 18 44 26 42 15 40 12 48 49 33 24 49 29 24 13 21 18 38 43 36 33 13 4 13 40 2 8 20 49 44 27 15 32 26 30 41 31 29 25 9 7 9 40 33 7 40 22 26 38 48 43 39 45 49 18 30 13 5 42 48 8 30 22 39 28 41 48 38 33 8 14 35 4 2 20 16 15 6 23 11 21 24 18 2 13 20 11 33 33 42 6 15 27 4 41 39 36 34 25 37 49 29 20 41 6 43 4 13 7 27 42 18 42 23
34 23 35 23 2 42 17 49 42 3 48 9 28 49 15 11 2 38 2 48 11 38 44 26 10 10 31 15 21 36 38 21 39 48 33 8 7 13 28 44 20 35 14 4 12 14 45 21 28 28 15 27 15 20 11 45 14 22 15 10 43 37 26 11 48 11 24 15 27 26 22 26 21 17 16 3 49 48 7 8 17 41 4 24 3 24 39 13 33 37 41 27 3 9 25 28 16 44 30 48 37 38 27 28 33 3 2 13 6 39 45 29 40 32 33 24 47 25 4 36 36 43 44 2 4 31 4 20
10 49 39 36 19 40 12 8 6 48 5 29 2 15 8 10 13 16 14 30 40 18 49 15 36 14 34 43 42 48 12 31 37 9 7 48 3 27 32 8 8 36 20 36 17 24 40 46 37 15 4 46 22 9 9 32 19 8 5 18 2 18 22 37 13 28 34 35 20 45 15 14 26 34 22 7 25 11 25 17 4 23 36 40 40 6 4 37 6 42 29 31 40 41 46 23 18 4 28 42 34 42 34 35 29 37 47 10 16 33 6 14 20 40 18 13 49 3 41 18 30 30 48 33 43 49 23 16
28 12 21 11 8 8 24 38 31 3 18 6 6 8 10 8 10 41 3 37 34 49 38 6 10 27 4 31 31 36 15 18 27 31 47 13 40 7 26 49 29 6 2 20 31 33 44 19 16 12 28 14 12 42 21 31 35 23 27 45 38 20 34 2 5 7 6 49 21 14 37 49 25 39 25 31 20 30 10 30 38 5 19 38 21 17 43 19 19 35 26 35 15 33 28 42 29 35 8 5 43 15 5 22 5 22 18 34 24 32 6 43 37 29 47 5 35 46 35 13 15 20 36 7 10 26 37 6
26 40 20 19 41 6 45 14 37 22 37 28 14 37 20 20 35 43 30 34 8 36 25 7 12 5 3 15 27 30 21 16 3 41 12 34 23 20 27 31 38 35 16 39 13 33 4 14 15 27 27 29 26 9 3 49 22 41 42 45 11 49 39 43 12 45 20 38 13 37 13 10 42 13 15 40 24 33 43 17 23 8 49 40 26 22 13 41 29 41 8 47 13 32 21 47 25 47 17 30 3 10 3 4 2 14 49 29 45 48 39 39 28 33 25 3 32 23 30 36 24 42 15 10 46 45 22 33
36 14 8 10 24 38 12 39 35 33 44 41 14 14 22 28 49 15 44 44 34 45 12 27 21 5 40 31 32 27 8 9 35 46 37 49 37 30 23 42 30 17 10 18 21 14 20 42 32 46 47 34 20 25 43 17 45 6 18 4 9 44 3 35 28 7 4 47 45 32 21 48 43 24 11 11 13 48 31 38 28 26 7 34 9 34 19 11 24 39 2 8 14 20 3 5 10 13 40 4 29 21 12 38 10 38 11 47 48 4 39 31 7 35 33 5 49 27 5 43 4 43 31 36 17 19 25 23
2 25 45 12 17 43 16 14 39 4 37 40 27 2 47 44 28 31 25 18 33 4 38 43 14 43 23 25 9 4 36 26 43 44 12 9 49 19 6 30 28 46 28 29 43 16 21 28 7 34 15 48 18 27 10 38 2 40 29 23 2 19 49 36 14 6 38 29 35 40 21 30 36 46 47 3 26 15 34 13 9 25 12 3 27 43 24 30 22 18 2 28 49 27 34 29 47 12 31 14 4 6 28 47 31 14 24 2 39 33 17 39 27 16 18 22 25 49 46 31 4 44 19 16 48 20 43 48
37 6 35 43 33 5 43 34 45 16 20 14 29 20 7 43 17 21 8 29 31 14 15 41 6 4 22 30 45 20 22 13 3 3 40 42 4 33 19 21 6 41 24 47 44 44 11 17 39 29 25 15 15 44 45 20 30 36 32 5 48 22 22 49 13 45 27 46 37 16 32 36 23 27 47 34 9 24 30 32 25 45 37 31 25 32 10 12 23 48 24 13 16 18 42 13 4 6 48 27 45 10 47 43 3 10 24 22 42 26 44 27 46 27 10 30 7 39 14 30 31 44 13 19 47 10 39 29
25 2 25 14 38 21 36 5 23 7 6 19 26 26 38 35 32 42 36 48 25 9 10 23 39 5 6 13 33 3 37 46 15 46 40 17 13 45 41 11 9 42 44 16 46 7 33 24 39 38 23 40 19 21 10 12 34 4 9 34 40 23 29 33 45 4 27 25 44 18 37 34 24 13 35 10 36 37 31 12 9 7 35 36 30 46 4 18 2 30 36 45 6 35 5 10 6 13 40 5 18 47 13 43 35 22 21 2 41 18 37 39 33 11 40 10 35 16 44 7 11 4 47 9 44 38 35 16
17 13 48 17 19 43 34 28 23 15 46 12 6 35 19 24 46 21 22 30 40 37 40 23 15 2 31 44 9 23 41 13 32 21 42 14 45 16 2 17 12 14 10 20 23 24 30 49 3 23 18 5 24 13 19 24 33 9 26 15 35 27 35 16 25 42 25 47 15 2 18 31 17 32 34 49 14 4 8 39 29 44 28 41 18 42 38 46 7 24 28 31 12 5 37 16 41 2 38 35 49 4 15 23 22 12 17 22 31 32 15 3 33 31 19 46 2 13 44 33 31 10 9 25 49 24 45 31
20 18 32 43 6 13 38 38 26 10 7 19 47 5 48 48 16 2 4 25 28 48 38 14 25 36 44 6 39 47 45 21 17 32 33 30 44 7 17 20 6 29 4 48 31 37 43 9 11 7 47 28 35 6 43 15 35 48 38 18 12 13 22 30 19 27 8 21 13 41 27 36 17 37 4 40 26 43 13 45 30 12 22 10 33 38 46 7 22 11 46 22 39 41 25 26 6 3 19 41 39 17 40 23 29 20 33 30 24 32 23 16 33 2 18 28 10 28 41 20 15 32 48 13 25 32 48 24
25 17 27 20 42 17 4 31 14 45 3 3 38 24 34 44 3 26 4 19 10 4 37 31 48 36 28 43 38 45 43 38 43 47 7 10 31 22 40 13 37 21 34 14 12 2 32 15 12 35 37 21 40 20 46 17 17 37 31 49 41 40 33 29 3 7 48 9 47 12 44 9 7 16 5 23 35 12 24 16 46 6 26 28 2 27 46 40 6 8 39 31 5 40 7 49 11 34 11 11 5 27 44 29 32 5 35 38 27 26 41 29 36 19 27 13 21 8 3 46 32 46 9 8 18 23 40 8
26 32 46 23 20 33 47 4 25 38 38 17 22 23 20 41 4 5 35 9 30 3 4 37 15 18 16 33 38 4 6 6 8 36 12 2 33 22 37 22 21 13 30 14 36 4 39 32 10 37 19 41 4 33 32 25 2 14 48 48 47 25 26 40 16 11 46 39 35 13 27 8 42 6 20 12 39 9 29 37 29 12 33 30 45 5 30 3 14 34 3 7 9 32 23 38 28 17 34 41 27 19 41 39 15 48 23 47 8 7 24 12 30 49 27 8 35 8 43 16 31 47 23 28 41 44 13 38
16 17 49 13 26 36 36 41 34 49 43 19 37 3 14 11 48 37 24 3 6 30 28 17 6 25 20 32 36 29 16 16 5 5 20 2 41 48 33 43 36 26 35 20 45 7 13 6 36 17 26 48 24 5 28 30 8 36 28 5 11 24 2 35 37 23 44 4 43 11 30 38 36 45 8 19 48 28 2 18 19 37 2 49 24 12 40 9 33 45 4 14 3 8 14 26 22 19 16 3 16 20 49 22 33 27 20 25 7 15 6 37 19 9 35 15 43 18 36 17 17 30 12 17 31 6 6 29
19 8 32 2 37 46 3 24 26 14 4 20 18 38 15 24 44 36 22 45 15 25 15 25 12 19 13 8 29 20 45 5 30 43 49 17 10 9 40 39 25 40 15 29 28 38 35 8 13 40 15 15 9 18 15 8 33 37 42 29 26 16 21 8 16 6 36 8 22 34 30 46 4 11 15 10 6 44 45 33 19 41 15 18 21 11 18 49 13 42 7 35 16 16 7 49 38 21 31 45 48 47 19 24 4 36 34 8 10 17 49 16 14 25 45 31 4 36 34 12 14 30 47 42 20 21 33 33
14 31 14 13 19 20 12 45 10 48 44 5 25 16 45 23 4 34 25 29 24 39 14 17 7 36 8 32 17 41 42 28 17 27 33 39 49 19 15 30 7 9 43 23 8 22 8 26 48 23 48 22 30 35 35 43 3 48 42 30 15 30 33 23 38 31 36 37 47 43 46 11 21 13 42 26 35 10 25 26 3 47 25 18 31 41 43 49 6 44 15 23 30 38 7 17 23 12 40 40 31 10 35 46 14 31 41 29 22 14 10 39 47 27 3 6 46 46 17 30 6 43 25 40 40 16 35 2
25 48 39 47 35 49 18 26 15 44 4 3 47 29 41 9 32 5 14 13 13 18 35 17 26 46 46 48 48 9 28 3 18 49 16 43 47 30 47 47 30 6 36 8 2 2 23 21 37 24 10 32 40 7 39 24 46 44 18 12 5 20 29 26 26 11 32 13 31 11 5 42 19 20 13 20 13 37 14 44 4 28 15 21 30 4 9 19 29 2 42 48 17 41 21 4 34 9 4 49 49 21 2 3 40 34 11 30 31 23 40 44 44 3 49 42 46 38 21 31 45 32 17 27 23 38 46 4
15 41 40 35 37 30 32 41 42 37 11 37 15 16 37 13 14 5 24 29 33 13 37 49 20 23 13 26 43 22 49 44 38 42 7 33 20 30 41 31 32 46 45 45 33 31 10 22 28 15 28 16 41 3 27 36 45 25 26 4 14 48 13 42 8 21 48 12 25 38 42 26 23 20 43 28 49 9 30 9 10 4 37 26 14 16 10 21 26 48 16 34 15 4 15 13 40 2 24 15 18 20 42 6 13 40 12 26 7 19 10 42 38 2 24 26 18 47 37 45 12 10 47 22 29 39 23 2
4 3 25 27 3 17 28 15 25 48 16 14 46 7 3 37 37 35 5 25 4 5 38 16 35 47 31 12 27 44 44 33 15 46 22 24 10 47 43 43 38 10 43 24 29 11 47 29 33 10 20 34 15 33 4 45 21 44 15 17 4 19 49 4 14 26 29 5 26 29 20 30 9 38 39 33 27 20 37 13 42 41 22 22 17 49 49 5 49 49 24 31 32 28 11 18 9 7 34 46 39 13 20 22 38 12 38 14 6 16 2 34 40 40 35 7 14 16 2 9 35 48 46 38 26 34 16 48
20 7 26 17 19 36 9 19 41 26 47 18 37 41 14 36 23 20 21 48 47 6 26 17 28 46 24 13 40 5 20 45 35 48 28 2 47 21 35 43 24 26 41 42 40 39 27 37 49 23 20 6 4 33 14 49 21 45 43 32 14 10 8 41 8 45 5 26 22 17 23 13 39 43 42 38 26 3 35 38 13 26 34 44 8 35 45 12 32 37 29 14 48 24 24 46 13 31 21 44 15 14 45 15 31 23 19 29 35 9 21 29 32 35 23 18 45 3 4 33 25 41 8 34 9 12 38 23
15 19 12 33 31 12 6 46 6 38 28 30 9 40 48 8 14 29 3 25 14 44 5 28 12 38 21 23 31 30 4 36 5 35 29 40 12 7 39 3 49 4 41 30 23 27 12 48 33 34 10 28 14 22 31 46 10 35 45 10 47 46 12 46 13 46 2 11 14 39 15 46 24 29 5 17 46 39 26 30 35 11 2 29 19 18 45 35 24 21 8 43 27 42 33 43 42 42 47 29 29 42 19 20 34 19 25 10 35 44 25 17 33 16 39 9 17 2 3 47 31 12 23 42 25 33 3 6
37 6 33 32 28 33 29 39 34 49 13 16 44 45 48 12 44 42 2 42 27 38 49 41 34 35 20 39 18 39 30 48 40 17 17 45 48 12 47 11 45 43 35 47 3 15 34 3 3 22 48 32 10 48 3 17 18 48 47 22 18 41 22 14 30 28 18 2 33 10 7 21 27 27 4 38 9 3 34 31 37 38 7 38 16 45 32 9 24 13 36 21 21 22 10 13 36 30 10 46 24 12 31 37 18 13 33 12 39 16 9 36 38 27 8 32 27 38 6 38 48 47 15 35 30 46 45 39
26 47 38 15 46 35 31 3 34 44 8 34 28 40 22 12 4 4 10 46 12 6 4 18 19 26 35 44 35 36 29 26 20 20 36 16 14 3 23 33 30 11 40 32 49 43 44 5 5 25 37 47 37 10 12 34 6 22 8 5 12 9 22 40 6 19 31 8 38 2 29 33 13 35 7 31 28 9 41 20 10 8 11 12 48 35 8 31 5 27 17 2 11 41 24 18 16 32 41 31 11 45 48 9 28 8 15 37 13 28 5 21 6 18 22 11 5 26 13 34 18 31 9 22 44 27 27 22
2 49 17 18 24 16 24 38 11 11 2 17 37 20 30 14 4 9 42 25 48 34 44 11 18 24 18 14 27 28 5 45 34 27 4 38 24 9 7 14 20 12 9 20 40 16 12 19 19 2 39 13 19 31 5 7 17 8 41 45 11 25 33 25 26 45 6 26 34 4 17 37 6 14 30 46 30 22 25 44 16 37 19 26 39 10 37 39 22 30 25 45 16 11 43 7 31 20 20 7 9 43 29 9 18 26 27 24 43 21 29 10 10 13 33 35 13 25 47 37 26 6 27 44 48 14 10 37
21 2 30 7 17 9 10 20 48 49 27 27 27 15 37 30 35 15 21 7 31 15 20 4 17 31 38 36 27 20 14 48 39 49 22 26 12 21 4 20 46 34 28 20 37 27 14 39 32 3 44 27 5 40 24 15 15 39 7 47 11 28 5 14 17 40 24 24 25 45 32 46 5 45 31 18 36 15 48 46 6 24 36 44 4 20 18 44 29 37 39 36 38 34 32 21 28 17 5 27 21 24 47 27 24 13 28 24 28 16 26 22 32 16 20 20 31 22 23 44 45 49 34 10 49 35 17 23
14 32 20 33 46 23 20 7 3 34 16 20 6 27 33 31 41 2 18 8 22 6 35 48 45 31 25 18 32 3 18 25 26 31 32 8 40 26 41 44 47 10 37 8 39 8 29 13 33 18 43 40 24 23 21 29 32 5 26 42 21 2 14 23 18 23 21 43 33 15 11 23 27 12 38 25 35 6 25 31 22 21 12 41 13 15 16 3 16 15 30 3 47 30 30 48 15 9 17 38 9 26 47 39 30 26 23 29 32 21 24 15 26 40 48 22 32 31 35 10 43 24 27 40 33 39 3 11
10 35 18 25 21 33 49 35 7 22 31 46 49 33 21 10 49 19 13 14 10 16 25 35 22 4 36 21 2 20 29 47 20 28 7 18 34 16 15 24 13 24 40 22 29 29 11 44 12 26 37 37 7 47 16 33 32 3 36 2 35 12 30 47 10 39 6 42 28 47 4 45 11 43 37 32 6 48 15 5 42 8 26 8 7 19 21 24 19 14 34 39 39 19 22 30 30 30 13 26 8 9 47 14 46 11 16 36 8 46 42 13 8 36 2 42 20 15 37 6 37 41 8 17 41 31 3 22
7 30 34 48 12 12 17 30 33 42 47 18 14 44 45 9 13 11 7 30 28 10 6 28 27 33 18 5 3 5 24 37 7 33 4 26 12 45 21 21 7 8 16 34 39 10 22 39 46 17 43 10 47 33 39 23 12 9 8 8 22 4 13 25 32 28 24 25 38 6 16 32 46 13 43 37 40 12 41 3 38 44 24 29 35 10 45 48 21 15 38 30 34 39 37 2 2 48 13 15 35 36 2 29 33 40 30 49 36 9 45 14 10 39 39 44 24 27 42 13 13 28 38 40 14 18 46 40
11 18 18 19 48 30 3 34 21 47 4 39 45 34 20 43 37 5 6 14 10 23 40 18 46 7 42 32 49 8 41 30 28 3 29 9 7 3 17 3 19 5 10 3 18 24 44 45 41 32 24 40 32 49 33 2 4 46 48 11 22 21 48 29 7 42 12 21 47 15 5 27 3 8 35 22 9 13 19 46 49 14 41 28 46 48 4 5 37 36 8 33 22 26 5 12 21 35 20 2 41 38 42 40 19 36 42 42 47 17 46 43 2 34 45 7 48 6 27 28 22 7 25 46 9 2 23 45
37 36 18 16 20 42 26 18 44 38 4 17 9 44 10 41 16 14 47 22 25 41 38 39 49 21 13 48 34 49 39 22 18 12 34 22 23 31 15 6 49 19 34 45 29 44 21 26 33 38 4 10 41 16 22 31 10 9 2 36 14 24 29 18 32 25 19 47 13 13 17 16 34 37 2 25 11 2 36 44 38 28 28 38 47 39 8 43 7 30 34 40 19 13 45 9 17 23 18 16 24 49 4 13 14 27 7 20 24 6 44 45 3 6 49 31 8 26 10 10 30 15 46 47 30 30 14 37
42 47 17 30 39 34 31 36 17 21 15 22 47 3 24 43 32 30 15 46 27 16 20 26 36 47 43 24 44 23 18 31 47 21 45 39 11 46 18 43 13 11 20 28 42 34 8 41 42 38 24 7 23 23 24 16 27 26 7 26 46 43 28 10 42 28 43 25 42 18 11 17 7 10 48 15 18 43 6 39 14 47 26 2 21 24 35 31 29 45 10 33 17 7 32 34 34 32 28 3 18 20 37 12 24 29 28 9 22 47 11 48 19 32 9 34 33 25 27 30 20 8 2 7 9 22 17 36
23 18 21 29 27 41 21 30 36 37 11 10 48 45 17 9 14 38 18 28 32 38 46 33 30 46 12 16 11 37 10 20 37 41 15 37 33 42 21 8 30 35 38 49 38 36 38 38 11 10 39 17 24 34 17 15 18 31 29 28 47 2 16 40 7 36 37 34 19 43 6 6 25 18 20 22 11 42 32 13 48 15 26 37 40 20 30 23 37 48 20 49 33 41 15 28 32 29 8 44 47 39 29 36 17 46 4 46 29 47 36 42 33 11 47 34 27 44 39 12 35 18 21 3 5 2 48 10
32 13 40 38 23 42 11 16 18 31 43 36 40 5 6 38 28 16 29 10 13 35 49 14 30 21 7 14 4 46 25 37 27 4 24 46 8 21 40 26 38 44 26 32 48 46 15 20 41 41 48 22 43 35 19 42 43 5 28 34 33 34 16 6 44 34 33 42 19 21 30 28 18 26 16 4 34 38 47 33 43 10 11 42 19 22 48 16 47 5 37 30 40 30 18 36 5 20 41 34 48 38 21 14 9 9 43 17 37 4 11 37 47 18 29 4 39 13 42 17 6 32 2 3 33 28 5 4
2 14 28 19 21 46 37 30 39 20 12 7 47 32 25 15 37 4 4 27 11 24 20 2 13 15 48 32 5 14 12 2 14 44 26 25 27 48 9 3 21 16 9 15 13 40 14 25 22 5 2 4 49 13 4 36 19 16 44 10 48 23 21 23 47 22 4 26 47 42 22 41 40 29 2 24 16 29 5 25 26 31 7 29 15 9 29 25 10 36 40 33 39 7 36 30 34 15 16 45 32 12 48 44 17 43 37 49 7 41 33 3 2 25 17 5 42 17 22 8 10 8 22 23 7 12 36 9
13 18 13 23 20 20 14 47 47 19 39 43 45 10 38 9 6 14 45 9 48 29 17 10 45 36 30 25 36 15 41 15 7 47 2 21 6 7 28 38 8 15 29 2 27 31 23 40 13 31 35 49 32 34 38 40 33 37 15 46 38 6 28 43 25 9 22 6 38 43 30 9 42 21 16 21 31 41 6 7 41 3 41 10 42 16 42 21 15 26 26 31 20 3 49 49 44 45 45 16 33 19 21 23 28 19 23 14 27 17 2 47 15 38 24 8 24 9 8 38 43 43 17 40 14 10 24 44
41 4 15 36 11 21 25 32 4 5 46 14 41 13 31 28 12 19 15 25 10 33 39 11 21 19 4 44 35 17 31 29 14 35 17 14 25 26 47 48 21 8 29 15 29 42 21 4 24 11 47 15 33 47 30 6 26 3 41 21 23 7 49 7 48 17 44 35 22 6 44 32 46 28 12 40 34 18 7 17 34 19 32 24 41 41 26 11 42 14 28 27 48 5 37 3 26 39 20 34 13 46 31 47 43 32 36 42 41 4 14 32 17 25 3 9 20 15 27 16 11 48 40 28 49 2 35 15
29 47 29 3 49 11 6 8 47 19 5 41 3 26 46 39 22 14 34 21 27 47 35 4 11 48 20 34 40 44 30 29 11 2 14 22 40 4 49 24 7 35 40 21 48 29 29 20 15 40 34 44 17 43 7 16 38 5 14 23 4 41 11 34 24 10 20 3 27 3 11 40 48 28 21 23 19 44 18 12 26 17 3 19 22 36 43 36 42 8 43 33 16 15 43 11 12 26 19 12 35 12 48 6 8 5 2 28 11 15 26 48 47 43 18 10 48 25 5 36 5 14 46 22 47 16 27 2
22 13 46 26 43 38 2 29 26 46 41 25 47 4 29 46 3 20 30 17 23 36 21 11 18 22 41 32 25 16 28 43 23 47 6 36 37 31 20 45 17 29 41 16 49 39 17 27 12 46 43 28 15 17 33 13 31 9 38 25 27 20 25 24 26 33 2 36 48 45 44 23 19 6 18 19 49 21 19 37 6 28 9 30 49 22 29 7 17 23 19 42 33 31 19 8 49 30 16 28 15 47 33 40 7 23 16 40 32 5 15 13 39 23 34 36 19 4 15 4 41 38 2 7 17 40 36 37
30 40 3 15 11 7 28 46 32 28 16 33 35 25 47 28 46 47 25 43 35 27 40 32 34 13 6 35 37 42 20 32 47 14 46 40 45 40 44 2 43 17 16 14 42 22 18 28 11 22 42 40 3 20 33 30 3 27 21 8 2 11 9 27 44 49 18 18 19 32 4 9 43 33 6 2 5 17 47 35 23 2 8 38 18 24 10 35 49 6 48 7 5 49 33 18 18 19 22 32 19 13 32 36 20 22 20 14 19 35 18 44 31 35 41 21 44 9 5 35 28 21 25 46 27 29 40 14
16 27 29 32 33 17 26 20 27 41 14 15 6 34 12 25 11 8 38 8 49 30 11 12 43 6 48 6 28 33 16 27 3 16 35 41 42 5 15 7 20 45 43 37 11 7 21 21 28 24 14 41 12 16 17 48 5 14 5 31 5 26 37 15 2 27 37 33 22 43 34 20 18 20 11 2 21 48 33 18 12 49 7 18 40 3 12 7 16 28 43 27 10 2 35 16 26 45 20 41 17 28 17 48 49 49 23 30 36 18 41 42 9 25 38 12 13 20 9 29 33 6 28 7 36 28 38 30
10 22 16 8 18 5 15 35 39 16 35 33 45 43 26 24 44 39 32 12 20 46 41 47 25 8 10 27 12 35 37 47 43 3 6 31 35 47 27 2 21 46 8 49 13 11 7 34 14 24 47 25 30 2 2 31 47 15 30 4 39 49 14 32 7 14 27 49 22 14 2 34 26 24 5 49 33 29 27 21 11 47 18 11 6 26 32 16 13 22 37 20 28 48 27 26 23 30 8 6 49 10 26 14 22 29 46 44 10 24 12 31 34 24 19 20 22 42 5 40 19 42 44 9 31 42 30 18
41 4 32 3 28 33 15 7 19 26 14 42 11 2 3 5 23 19 44 42 9 3 5 2 37 43 3 49 22 5 45 34 48 16 12 49 2 6 25 9 9 29 16 5 26 45 14 10 36 41 13 36 26 13 25 29 37 12 48 17 45 2 42 5 19 10 27 4 5 21 5 24 7 9 22 47 25 31 16 28 7 46 8 2 5 44 41 35 22 34 39 23 20 29 15 11 23 26 2 6 12 5 37 5 31 38 45 36 25 27 5 18 9 41 7 17 4 42 4 21 9 7 13 31 13 45 26 42
7 49 12 39 20 18 4 47 8 29 41 40 46 24 27 24 42 43 18 29 3 4 18 12 43 46 44 14 48 43 46 6 42 3 45 25 16 22 3 14 4 23 5 2 38 30 10 38 48 44 30 45 39 5 23 45 11 30 27 48 6 5 3 32 30 32 30 13 18 42 26 22 8 14 7 33 32 36 37 15 2 34 8 32 9 27 5 21 24 23 46 24 44 41 42 27 6 45 47 8 30 14 16 44 25 43 48 30 38 9 16 40 2 39 49 25 26 49 10 30 2 49 23 18 36 37 26 26
17 14 5 2 11 43 9 31 9 9 40 29 27 38 40 15 7 49 31 2 36 46 10 19 48 6 15 27 48 43 10 9 43 40 44 10 5 34 34 42 16 37 15 45 33 23 36 25 40 20 47 41 40 19 13 19 10 37 7 37 32 25 16 8 42 10 31 24 7 14 39 18 27 27 6 19 31 12 17 19 15 23 35 17 16 37 18 29 3 31 34 6 39 2 17 24 31 18 43 44 10 15 32 38 27 5 4 13 21 6 9 12 27 31 12 16 28 25 38 4 37 39 39 17 31 20 45 34
13 35 21 38 16 12 33 36 41 6 18 37 13 13 8 18 21 46 14 32 29 34 33 26 29 33 45 23 30 4 7 9 30 18 25 21 32 36 6 13 30 18 17 49 14 13 15 27 37 18 48 24 25 40 22 11 47 38 28 41 13 19 30 20 48 35 9 26 19 14 12 36 20 45 24 43 36 16 38 13 44 18 48 22 29 5 19 45 3 39 9 35 36 25 2 38 36 14 14 3 26 14 10 33 19 28 21 35 5 41 46 39 31 6 9 35 11 44 36 30 5 26 21 15 18 31 46 46
